M000000000000000000000000000000000
0000000000000000000000000000000000
0000000000000000000000000000000000
0000000000000000000000000000000000
0000000000000000000000000000000000
0000000000000000000000000000000000
0000000000000000000000000000000000
0000000000000000000000000000000000
0000000000000000000000000000000000
0000000000000000000000000000000000
0000000000000000000000000000000000
0000000000000000000000000000000000
0000000000000000000000000000000000
0000000000000000000000000000000000
0000000000000000000000000000000000
//////////////////////

Kavinya level 
M0001__1__1___111____1___11111___1
1000111111111111111111___________0
0000111111111111111111111111111110
0000_1___1_____1___111111111111111
0000000000000000000000000000000000
0000111111111000000___111111111111
0000111111100000000000000000000000
0000000000001111111000000000000000
0000000000000000000000000000000000
0000000000000000000000000000000000
000000000011___1_1___1__0000000000
0000000000000000000000000000000000
0000000000000000000000000000000000
0000000000000000000000000000000000
0000000000000000000000000000000000
//////////////////////

M000000000000000000000000000000000
0000000000000000000000000000000000
0000000000000000000000000000000000
0000000000000000000000000000000000
0000000000000000000000000000000000
0000000000000000000000000000000000
0000000000000000000000000000000000
0000000000000000000000000000000000
0000000000000000000000000000000000
0000000000000000000000000000000000
0000000000000000000000000000000000
0000000000000000000000000000000000
0000000000000011111000000000000000
0000000000011111111111100000000000
1111111111111111111111111111111111
//////////////////////
M000000000000000000000000000000000
0000000000000000000000000000000000
0000000000000000000000000000111111
0000000000000000000000000000000000
0000000000000000000000000000000000
0000000000000000000000000000000000
0000000000000000000000000000000000
0000000000000000111111000000000000
0000000000000000000000000000000000
0000000000000000000000000000000000
0000001111100000000000000000000000
0000000000000000000000000000000000
0000000000000000000000000000000000
111111111111111111111111111_______
111111111111111111111111111_______
/////////////////////
M000000000000000000000000000000000
0000000000000000000000000000000000
0001111111000000000000000000000000
0000000000000000000000111111111111
0000000000000000000000000000000000
0000000000000000010000000000000000
0000000000000000010000000000000000
0000000000000000010000000000000000
0000000000000000010000000000000000
0000000000000000010000000000000000
000000000011111111_____00000000000
0000000000000000000000000000000000
0000000000000000000000000000000000
0000000000000000000000000000000000
1111111111100000000000000000000000
//////////////////////
M000000000000000000000000000000000
1111000000000000000000011111111111
0000000000000000000000000000000000
0000000000000000000000000000000000
0000000011111110000000000000000000
0000000000000000000000000000000000
0000000000000000000000000000000000
0000000000000000000000000000000000
0000000000000000000000000000000000
0000000000000000000000000000000000
0000000000000000000000000000000000
0000000011111110000000000000000000
0000000000000000000000000000000001
0000000000000000000000000000000001
1111000000000000000000000000001111
//////////////////////